[ 0.968289  -0.00159088 -0.101498 ]
[ 0.0666047  1.0682     -0.1348   ]
[-0.1348     0.103089    0.896911 ]
[ 0.931804   1.1015      0.0333024]
[ 0.896911   0.0317115   1.0333   ]
[ 1.16969    0.898502    1.0333   ]

[1  0  0]
[0  1  0]
[0  0  1]
[1  1  0]
[1  0  1]
[1  1  1]
[ 0.8   0.1  -0.2]
[ 0.2   1.1  -0.3]
[-0.3   0.1   0.9]
[ 0.9   1.2   0.1]
[ 0.9   0.2   1.1]
[ 1.3   0.8   1.1]
[ 1.1  -0.1  -0.1]
[ 0.0   1.1  -0.1]
[-0.1   0.2   0.8]
[ 0.9   1.1   0.0]
[ 0.8  -0.1   1.0]
[ 1.2   0.9   1.0]
